..\imagens_para_conversao\brick3: .word 16, 16
.byte 255,255,248,0,119,255,255,255,255,255,255,255,255,255,7,255,
255,255,248,0,119,255,255,255,255,255,255,255,255,255,7,255,
255,255,248,0,119,255,255,255,255,255,255,255,255,255,7,255,
255,255,248,0,119,255,255,255,255,255,255,255,255,255,7,255,
255,255,248,0,119,255,255,255,255,255,255,255,255,255,7,255,
255,255,248,0,119,255,255,255,255,255,255,255,255,255,7,255,
119,255,255,255,255,255,255,192,0,63,119,255,255,255,255,255,
115,128,0,0,255,255,119,255,255,255,255,255,0,0,7,255,
255,222,115,158,115,158,112,0,0,63,255,255,115,158,115,158,
115,128,0,0,255,255,251,158,115,158,115,158,0,0,7,255,
255,222,115,158,115,158,112,0,0,63,255,255,115,158,115,158,
115,128,0,0,255,255,251,158,115,158,115,158,0,0,7,255,
255,222,115,158,115,158,112,0,0,63,255,255,115,158,115,158,
0,0,112,0,255,255,0,0,0,0,0,0,112,0,7,255,
0,0,0,0,0,0,0,0,112,63,248,0,0,0,0,0,
56,48,1,0,0,0,0,0,0,0,0,0,0,0,119,192,


