..\imagens_para_conversao\brick1: .word 16, 16
.byte 251,158,115,128,119,255,255,255,255,255,3,191,255,255,115,128,
251,158,115,128,119,255,255,255,255,255,3,191,255,255,115,128,
251,158,115,128,119,255,255,255,255,255,3,191,255,255,115,128,
251,158,115,128,119,255,255,255,255,255,3,191,255,255,115,128,
251,158,115,128,119,255,255,255,255,255,3,191,255,255,115,128,
251,158,115,128,119,255,255,255,255,255,3,191,255,255,115,128,
115,158,115,158,112,63,115,158,112,63,115,158,115,158,115,128,
248,30,115,128,251,158,115,158,115,158,7,222,115,158,7,222,
115,158,115,158,112,30,0,0,3,191,115,158,115,158,115,128,
251,158,115,128,251,158,115,158,115,158,7,255,255,255,7,222,
115,158,115,158,112,63,115,158,112,63,115,158,115,158,115,128,
115,158,115,128,251,158,115,158,115,158,7,222,115,158,7,222,
0,30,115,158,7,222,115,158,112,0,3,158,115,158,112,63,
115,158,115,128,251,191,248,0,0,63,115,158,115,158,7,255,
115,158,115,128,251,158,115,158,0,63,115,158,255,255,7,222,
56,48,1,0,112,0,0,0,3,191,0,0,0,0,119,222,


