..\imagens_para_conversao\castle3: .word 16, 16
.byte 0,0,0,0,115,158,115,158,112,0,0,0,0,0,0,0,
0,0,0,0,115,158,115,158,112,0,0,0,0,0,0,0,
0,0,0,0,115,158,115,158,112,0,0,0,0,0,0,0,
0,0,0,0,115,158,115,158,112,0,0,0,0,0,0,0,
0,0,0,0,115,158,115,158,112,0,0,0,0,0,0,0,
0,0,0,0,115,158,115,158,112,0,0,0,0,0,0,0,
115,158,115,128,0,0,0,0,0,30,115,158,115,158,0,0,
0,0,0,0,0,0,0,0,0,0,0,0,0,0,3,158,
112,30,115,158,0,0,0,0,0,30,115,128,115,158,112,0,
0,0,0,0,115,158,3,158,115,128,0,0,0,0,3,158,
115,158,115,128,0,0,0,0,0,0,0,0,0,0,0,0,
0,0,0,0,115,158,115,158,112,0,0,0,0,0,3,158,
0,0,0,0,0,0,0,0,0,30,115,158,115,158,0,0,
0,0,0,0,115,158,3,158,115,128,0,0,0,0,0,0,
112,30,115,158,0,0,0,0,0,30,115,128,115,158,112,0,
56,48,1,0,0,0,0,0,0,0,0,0,0,0,3,158,


