..\imagens_para_conversao\castle1: .word 16, 16
.byte 159,222,115,158,255,255,253,107,157,107,157,127,255,255,253,107,
159,222,115,158,255,255,253,107,157,107,157,127,255,255,253,107,
159,222,115,158,255,255,253,107,157,107,157,127,255,255,253,107,
159,222,115,158,255,255,253,107,157,107,157,127,255,255,253,107,
159,222,115,158,255,255,253,107,157,107,157,127,255,255,253,107,
159,222,115,158,255,255,253,107,157,107,157,127,255,255,253,107,
119,235,157,107,157,107,251,158,115,158,115,191,157,107,157,107,
159,222,115,158,115,158,253,107,157,107,157,127,115,158,115,158,
119,235,157,107,157,107,251,158,115,158,115,191,157,107,157,107,
255,192,0,0,115,158,253,107,157,107,157,127,115,158,115,158,
115,158,115,128,115,158,115,158,112,0,0,63,255,255,255,255,
115,158,115,128,115,158,115,158,112,30,115,158,115,158,3,158,
0,0,0,0,0,0,0,0,0,30,115,158,115,158,3,158,
112,30,115,158,115,158,3,158,115,158,115,128,115,158,112,0,
112,30,115,158,115,158,3,158,115,158,115,128,115,158,115,158,
56,48,1,0,0,0,0,0,0,0,0,0,0,0,3,158,


