..\imagens_para_conversao\cloud5: .word 16, 16
.byte 152,63,255,127,157,107,157,107,157,107,152,63,255,127,253,107,
152,63,255,127,157,107,157,107,157,107,152,63,255,127,253,107,
152,63,255,127,157,107,157,107,157,107,152,63,255,127,253,107,
152,63,255,127,157,107,157,107,157,107,152,63,255,127,253,107,
152,63,255,127,157,107,157,107,157,107,152,63,255,127,253,107,
152,63,255,127,157,107,157,107,157,107,152,63,255,127,253,107,
157,107,157,107,157,107,152,63,255,107,157,107,157,107,157,107,
157,107,0,0,157,107,157,107,157,107,157,107,7,255,253,107,
157,107,157,107,157,107,157,107,157,107,157,107,157,107,157,107,
157,107,157,107,157,107,157,107,157,107,157,107,157,107,157,107,
157,107,157,107,157,107,157,107,157,107,157,107,157,107,157,107,
157,107,157,107,157,107,157,107,157,107,157,107,157,107,157,107,
157,107,157,107,157,107,157,107,157,107,157,107,157,107,157,107,
157,107,157,107,157,107,157,107,157,107,157,107,157,107,157,107,
157,107,157,107,157,107,157,107,157,107,157,107,157,107,157,107,
56,48,1,0,157,107,157,107,157,107,157,107,157,107,157,107,


