..\imagens_para_conversao\cloud6: .word 16, 16
.byte 157,107,157,107,157,107,157,107,157,107,157,107,157,107,157,107,
157,107,157,107,157,107,157,107,157,107,157,107,157,107,157,107,
157,107,157,107,157,107,157,107,157,107,157,107,157,107,157,107,
157,107,157,107,157,107,157,107,157,107,157,107,157,107,157,107,
157,107,157,107,157,107,157,107,157,107,157,107,157,107,157,107,
157,107,157,107,157,107,157,107,157,107,157,107,157,107,157,107,
157,107,157,107,157,107,157,107,157,107,157,107,157,107,157,107,
157,107,157,107,157,107,157,107,157,107,157,107,157,107,157,107,
157,107,157,107,157,107,157,107,157,107,157,107,157,107,157,107,
157,107,157,107,157,107,157,107,157,107,157,107,157,107,157,107,
157,107,157,107,157,107,157,64,0,43,157,107,157,107,157,107,
152,63,255,255,157,107,157,107,157,107,157,107,7,255,253,107,
157,107,157,107,157,107,255,255,255,235,157,107,157,107,157,107,
255,255,255,255,157,107,157,107,157,107,0,63,255,255,253,107,
157,107,157,107,7,255,255,255,255,235,157,107,157,107,152,63,
56,48,1,0,157,107,157,107,157,107,7,255,255,255,253,107,


