..\imagens_para_conversao\cloud3: .word 16, 16
.byte 157,107,157,107,255,255,255,192,157,107,157,107,157,107,157,107,
157,107,157,107,255,255,255,192,157,107,157,107,157,107,157,107,
157,107,157,107,255,255,255,192,157,107,157,107,157,107,157,107,
157,107,157,107,255,255,255,192,157,107,157,107,157,107,157,107,
157,107,157,107,255,255,255,192,157,107,157,107,157,107,157,107,
157,107,157,107,255,255,255,192,157,107,157,107,157,107,157,107,
255,255,255,192,157,107,157,107,157,127,255,255,255,192,157,107,
157,107,157,107,255,255,255,255,253,107,157,107,157,107,159,255,
248,0,157,107,157,107,157,107,157,127,255,255,248,0,157,107,
157,107,157,107,152,0,157,107,157,107,157,107,157,107,152,63,
157,107,157,107,157,107,157,107,157,107,157,107,157,107,157,107,
157,107,157,107,157,107,157,107,157,107,157,107,157,107,157,107,
157,107,157,107,157,107,157,107,157,107,157,107,157,107,157,107,
157,107,157,107,157,107,157,107,157,107,157,107,157,107,157,107,
157,107,157,107,157,107,157,107,157,107,157,107,157,107,157,107,
56,48,1,0,157,107,157,107,157,107,157,107,157,107,157,107,


