..\imagens_para_conversao\coin1: .word 16, 16
.byte 0,0,0,0,0,0,0,0,0,0,0,0,0,0,0,0,
0,0,0,0,0,0,0,0,0,0,0,0,0,0,0,0,
0,0,0,0,0,0,0,0,0,0,0,0,0,0,0,0,
0,0,0,0,0,0,0,0,0,0,0,0,0,0,0,0,
0,0,0,0,0,0,0,0,0,0,0,0,0,0,0,0,
0,0,0,0,0,0,0,0,0,0,0,0,0,0,0,0,
0,0,189,239,184,0,0,0,0,0,0,0,0,0,0,0,
0,0,0,0,0,0,5,239,189,239,184,0,0,0,0,0,
5,239,117,239,5,239,0,0,0,0,0,0,189,222,117,239,
184,0,0,0,0,0,189,222,189,192,189,192,0,0,0,0,
5,239,117,239,5,239,0,0,0,0,0,47,187,175,184,47,
184,0,0,0,0,0,189,222,189,192,189,192,0,0,0,0,
5,239,117,239,5,239,0,0,0,0,0,47,187,175,184,47,
0,0,0,0,0,0,189,222,189,192,189,192,0,0,0,0,
0,47,189,239,189,192,0,0,0,0,0,0,189,192,5,239,
56,48,1,0,0,0,0,47,189,239,0,0,0,0,0,0,


