..\imagens_para_conversao\flag1: .word 16, 16
.byte 157,107,157,107,157,107,157,107,156,164,157,107,157,107,156,171,
157,107,157,107,157,107,157,107,156,164,157,107,157,107,156,171,
157,107,157,107,157,107,157,107,156,164,157,107,157,107,156,171,
157,107,157,107,157,107,157,107,156,164,157,107,157,107,156,171,
157,107,157,107,157,107,157,107,156,164,157,107,157,107,156,171,
157,107,157,107,157,107,157,107,156,164,157,107,157,107,156,171,
157,107,157,100,165,107,157,107,157,107,157,107,157,107,164,171,
157,107,157,107,157,107,157,107,156,164,157,107,157,107,157,107,
157,107,157,100,165,107,157,107,157,107,157,107,157,107,164,171,
157,107,157,107,157,107,157,107,156,164,157,107,157,107,157,107,
157,107,157,100,165,107,157,107,157,107,157,107,157,107,164,171,
157,107,157,107,157,107,157,107,156,164,157,107,157,107,157,107,
157,107,157,100,165,107,157,107,157,107,157,107,157,107,164,171,
157,107,157,107,157,107,157,107,156,164,157,107,157,107,157,107,
157,107,157,100,165,107,157,107,157,107,157,107,157,107,164,171,
56,48,1,0,157,107,157,107,156,164,157,107,157,107,157,107,


