..\imagens_para_conversao\flag2: .word 16, 16
.byte 157,107,157,107,157,107,157,107,156,164,157,107,157,107,156,171,
157,107,157,107,157,107,157,107,156,164,157,107,157,107,156,171,
157,107,157,107,157,107,157,107,156,164,157,107,157,107,156,171,
157,107,157,107,157,107,157,107,156,164,157,107,157,107,156,171,
157,107,157,107,157,107,157,107,156,164,157,107,157,107,156,171,
157,107,157,107,157,107,157,107,156,164,157,107,157,107,156,171,
66,16,71,255,165,107,157,107,157,127,255,255,255,255,252,171,
157,107,157,107,66,63,71,208,71,228,157,107,157,107,159,208,
66,16,250,63,165,107,157,107,157,80,255,208,255,208,252,171,
157,107,157,107,66,16,250,16,71,228,157,107,157,107,154,63,
66,16,255,255,165,107,157,107,157,80,66,16,66,16,252,171,
157,107,157,107,255,255,255,255,255,228,157,107,157,107,159,255,
255,255,255,255,165,107,157,107,157,107,255,255,255,255,252,171,
157,107,157,107,157,107,255,255,255,228,157,107,157,107,157,107,
157,107,255,255,165,107,157,107,157,107,157,107,255,255,252,171,
56,48,1,0,157,107,157,107,255,228,157,107,157,107,157,107,


