..\imagens_para_conversao\green4: .word 16, 16
.byte 157,107,157,107,157,107,157,107,157,107,157,107,157,107,157,107,
157,107,157,107,157,107,157,107,157,107,157,107,157,107,157,107,
157,107,157,107,157,107,157,107,157,107,157,107,157,107,157,107,
157,107,157,107,157,107,157,107,157,107,157,107,157,107,157,107,
157,107,157,107,157,107,157,107,157,107,157,107,157,107,157,107,
157,107,157,107,157,107,157,107,157,107,157,107,157,107,157,107,
157,107,157,107,157,107,157,107,157,107,157,107,157,107,157,107,
157,107,157,107,157,107,157,107,157,107,157,107,157,107,157,107,
157,107,157,107,157,107,157,107,157,107,157,107,157,107,157,107,
157,107,157,107,157,107,157,107,157,107,157,107,157,107,157,107,
157,107,157,107,157,107,157,107,157,107,157,107,157,107,157,107,
157,107,157,107,157,107,157,107,157,107,157,107,157,107,157,107,
157,107,157,107,157,107,157,107,157,107,157,107,157,107,157,107,
5,107,157,107,157,107,157,107,157,107,157,107,157,107,157,107,
0,0,66,16,66,16,0,0,157,107,157,107,152,0,0,0,
56,48,1,0,0,16,66,16,66,16,66,16,66,0,5,107,


