..\imagens_para_conversao\green1: .word 16, 16
.byte 66,0,0,16,66,16,66,16,66,16,66,16,64,16,66,16,
66,0,0,16,66,16,66,16,66,16,66,16,64,16,66,16,
66,0,0,16,66,16,66,16,66,16,66,16,64,16,66,16,
66,0,0,16,66,16,66,16,66,16,66,16,64,16,66,16,
66,0,0,16,66,16,66,16,66,16,66,16,64,16,66,16,
66,0,0,16,66,16,66,16,66,16,66,16,64,16,66,16,
66,16,66,16,66,16,64,0,2,16,66,16,66,16,66,16,
2,0,0,16,66,16,66,16,66,16,66,16,0,0,66,16,
66,16,66,16,64,0,66,0,66,16,66,16,66,16,66,0,
2,16,66,16,66,16,66,16,66,16,0,16,66,16,66,16,
66,16,66,16,66,16,66,16,66,16,66,16,66,16,66,0,
66,16,66,16,66,16,66,16,66,16,66,16,66,16,66,16,
66,16,66,16,66,16,66,16,66,16,66,16,66,16,66,16,
66,16,66,16,66,16,66,16,66,16,66,16,66,16,66,16,
66,16,66,16,66,16,66,16,66,16,66,16,66,16,66,16,
56,48,1,0,66,16,66,16,66,16,66,16,66,16,66,16,


