..\imagens_para_conversao\green3: .word 16, 16
.byte 157,107,152,16,157,107,157,107,157,107,157,107,157,107,5,107,
157,107,152,16,157,107,157,107,157,107,157,107,157,107,5,107,
157,107,152,16,157,107,157,107,157,107,157,107,157,107,5,107,
157,107,152,16,157,107,157,107,157,107,157,107,157,107,5,107,
157,107,152,16,157,107,157,107,157,107,157,107,157,107,5,107,
157,107,152,16,157,107,157,107,157,107,157,107,157,107,5,107,
157,107,157,107,157,107,157,64,66,43,157,107,157,107,157,107,
152,16,66,16,157,107,157,107,157,107,157,107,2,16,69,107,
157,107,157,107,157,64,66,16,66,43,157,107,157,107,157,107,
66,16,66,16,157,107,157,107,157,107,2,16,66,16,69,107,
157,107,157,64,66,16,66,16,66,43,157,107,157,107,152,16,
66,16,66,16,157,107,157,107,2,16,66,16,66,16,69,107,
157,64,66,16,66,16,66,16,66,43,157,107,152,16,66,16,
66,16,66,16,157,107,2,16,66,16,66,16,66,16,69,107,
66,16,66,16,66,16,66,16,66,43,152,16,66,16,66,16,
56,48,1,0,2,16,66,16,66,16,66,16,66,16,69,64,


