..\imagens_para_conversao\lightgreen1: .word 16, 16
.byte 157,107,157,107,157,107,157,107,157,107,157,107,157,107,157,107,
157,107,157,107,157,107,157,107,157,107,157,107,157,107,157,107,
157,107,157,107,157,107,157,107,157,107,157,107,157,107,157,107,
157,107,157,107,157,107,157,107,157,107,157,107,157,107,157,107,
157,107,157,107,157,107,157,107,157,107,157,107,157,107,157,107,
157,107,157,107,157,107,157,107,157,107,157,107,157,107,157,107,
157,107,157,107,157,107,157,107,157,107,157,107,157,107,157,107,
157,107,157,107,157,107,157,107,157,107,157,107,157,107,157,107,
157,107,157,107,157,107,157,107,157,107,157,107,157,107,157,107,
157,107,157,107,157,107,157,107,157,107,157,107,157,107,157,107,
157,107,157,107,157,107,157,64,0,43,157,107,157,107,157,107,
152,36,164,164,157,107,157,107,157,107,157,107,4,164,165,107,
157,107,157,107,157,107,164,164,164,171,157,107,157,107,157,107,
164,164,164,164,157,107,157,107,157,107,0,36,164,164,165,107,
157,107,157,107,4,164,164,164,164,171,157,107,157,107,152,36,
56,48,1,0,157,107,157,107,157,107,4,164,164,164,165,107,


