..\imagens_para_conversao\pipe4: .word 16, 16
.byte 68,164,5,107,66,16,66,16,66,36,68,164,160,43,154,36,
68,164,5,107,66,16,66,16,66,36,68,164,160,43,154,36,
68,164,5,107,66,16,66,16,66,36,68,164,160,43,154,36,
68,164,5,107,66,16,66,16,66,36,68,164,160,43,154,36,
68,164,5,107,66,16,66,16,66,36,68,164,160,43,154,36,
68,164,5,107,66,16,66,16,66,36,68,164,160,43,154,36,
66,16,66,16,162,36,164,128,157,80,66,16,66,16,66,36,
164,164,5,107,66,16,66,16,66,16,162,36,160,43,154,16,
66,16,66,16,68,144,164,128,157,80,66,16,66,16,68,144,
68,164,5,107,66,16,66,16,66,36,68,164,160,43,154,16,
66,16,66,16,162,36,164,128,157,80,66,16,66,16,66,36,
164,164,5,107,66,16,66,16,66,16,162,36,160,43,154,16,
66,16,66,16,68,144,164,128,157,80,66,16,66,16,68,144,
68,164,5,107,66,16,66,16,66,36,68,164,160,43,154,16,
66,16,66,16,162,36,164,128,157,80,66,16,66,16,66,36,
56,48,1,0,66,16,66,16,66,16,162,36,160,43,154,16,


