..\imagens_para_conversao\pipe2: .word 16, 16
.byte 164,164,68,164,157,64,164,164,66,36,164,164,162,36,164,164,
164,164,68,164,157,64,164,164,66,36,164,164,162,36,164,164,
164,164,68,164,157,64,164,164,66,36,164,164,162,36,164,164,
164,164,68,164,157,64,164,164,66,36,164,164,162,36,164,164,
164,164,68,164,157,64,164,164,66,36,164,164,162,36,164,164,
164,164,68,164,157,64,164,164,66,36,164,164,162,36,164,164,
4,164,162,16,164,164,164,144,164,171,152,36,164,144,68,164,
164,164,68,164,157,64,164,164,66,36,164,164,162,36,165,107,
4,164,162,16,164,164,164,144,164,171,152,36,164,144,68,164,
164,164,68,164,157,64,164,164,66,36,164,164,162,36,165,107,
4,164,162,16,164,164,164,144,164,171,152,36,164,144,68,164,
164,164,68,164,157,64,164,164,66,36,164,164,162,36,165,107,
4,164,162,16,164,164,164,144,164,171,152,36,164,144,68,164,
164,164,68,164,157,64,164,164,66,36,164,164,162,36,165,107,
4,164,162,16,164,164,164,144,164,171,152,36,164,144,68,164,
56,48,1,0,157,64,164,164,66,36,164,164,162,36,165,107,


