..\imagens_para_conversao\pipe3: .word 16, 16
.byte 164,164,164,128,0,0,0,0,0,0,0,0,0,0,4,164,
164,164,164,128,0,0,0,0,0,0,0,0,0,0,4,164,
164,164,164,128,0,0,0,0,0,0,0,0,0,0,4,164,
164,164,164,128,0,0,0,0,0,0,0,0,0,0,4,164,
164,164,164,128,0,0,0,0,0,0,0,0,0,0,4,164,
164,164,164,128,0,0,0,0,0,0,0,0,0,0,4,164,
66,16,66,16,66,16,66,16,64,36,164,164,164,164,164,164,
162,36,164,128,66,16,66,16,66,16,162,36,68,164,2,16,
66,16,66,16,68,144,162,36,160,16,66,16,66,16,66,16,
68,144,164,128,66,16,66,16,66,16,68,144,164,164,2,16,
66,16,66,16,66,36,68,164,160,16,66,16,66,16,66,36,
162,36,164,128,66,16,66,16,66,16,162,36,68,164,2,16,
66,16,66,16,68,144,162,36,160,16,66,16,66,16,66,16,
68,144,164,128,66,16,66,16,66,16,68,144,164,164,2,16,
0,0,0,0,0,0,0,0,0,16,66,16,66,16,66,36,
56,48,1,0,0,0,0,0,0,0,0,0,0,43,152,0,


